10001 0 1 2 3 4
10002 0 1 2 3 4
10003 0 1 2 3 4
10004 0 1 2 3 4
10005 0 1 2 3 4
10006 0 1 2 3 4
10007 0 1 2 3 4
10008 0 1 2 3 4
10009 0 1 2 3 4
10010 0 1 2 3 4
10011 0 1 2 3 4
10012 0 1 2 3 4
10013 0 1 2 3 4
10014 0 1 2 3 4
10015 0 1 2 3
10016 0 1 2 3 4
10017 0 1 2 3 4
10018 0 1 2 3 4
10019 0 1 2 3 4
10020 0 1 2 3 4
10021 0 1 2 3
10022 0 1 2 3
10023 0 1 2 3 4
10024 0 1 2 3
10025 0 1 2 3 4
10026 0 1 2 3 4
10027 0 1 2 3 4
10028 0 1 2 3 4
10029 0 1 2 3 4
10030 0 1 2 3 4
10031 0 1 2 3 4
10032 0 1 2 3 4
10033 0 1 2 3
10034 0 1 2 3 4
10035 0 1 2 3 4
10036 0 1 2 3
10037 0 1 2 3 4
10038 0 1 2 3 4
10039 0 1 2 3 4
10040 0 1 2 3 4
10041 0 2 3 4
10042 0 1 2 3 4
10043 0 1 2 3
10044 0 1 2 3 4
10045 0 1 2 3 4
10046 0 1 2 3 4
10047 0 1 2 3 4
10048 0 1 2 3 4
10049 0 1 2 3
10050 0 1 2 3 4
10051 0 1 2 3 4
10052 0 1 2 3
10053 0 1 2 3
10054 0 1 2 3
10055 0 1 2 3 4
10056 0 1 2 3 4
10057 0 1 2 3 4
10058 0 1 2 3 4
10059 0 1 2 3
10060 0 1 2 3
10061 0 1 2 3
10062 0 1 2 3
10063 0 1 2 3 4
10064 0 1 2 3 4
10065 0 1 2 3
10066 0 1 2 3 4
10067 0 1 2 3 4
10068 0 1 2 3 4
10069 0 1 2 3 4
10070 0 1 2 3 4
10071 0 1 2 3
10072 0 1 2 3 4
10073 0 1 2 3
10074 0 1 2 3 4
10075 0 1 2 3 4
10076 0 1 2 3 4
10077 0 1 2 3 4
10078 0 1 2 3
10079 1 2 3
10080 0 1 2 3 4
10081 0 1 2 3
10082 0 1 2 3
10083 0 1 2 3 4
10084 0 1 2 3
10085 0 1 2 3 4
10086 0 1 2 3 4
10087 0 1 2 3 4
10088 0 1 2 3
10089 0 1 2 3
10090 0 1 2 3 4
10091 0 1 2 3
10092 0 1 2 3
10093 0 1 2 3
10094 0 1 2 3 4
10095 0 1 2 3
10096 0 1 2 3 4
10097 0 1 2 3 4
10098 0 1 2 3
10099 0 1 2 3 4
10100 0 1 2 3 4
10101 0 1 2 3 4
10102 0 1 2 3 5
10103 0 1 2 3 4
10104 0 1 2 3 4
10105 0 1 2 3 4
10106 0 1 2 3 4
10107 0 1 2 3
10108 0 1 2 3 4
10109 0 1 2 3
10110 0 1 2 3 4
10111 0 1 2 3
10112 0 1 2 3
10113 0 1 2 3 4
10114 0 1 2 3
10115 1 2 3
10116 2 3
10117 0 1 2 3 4
10118 0 1 2 3
10119 0 1 2 3 4
10120 1 2 3
10121 0 1 2 3
10122 0 1 2 3 4
10123 0 1 2 3 4
10124 0 1 2 3
10125 0 1 2 3
10126 0 1 2 3
10127 0 1 2 3 4
10128 0 1 2 3 4
10129 1 2 3
10130 0 1 2 3
10131 1 2 3
10132 0 1 2 3
10133 0 1 2 3
10134 0 1 2 3 4
10135 0 1 2 3 4
10136 0 1 2 3 4
10137 0 1 2 3
10138 0 1 2 3
10139 0 1 2 3
10140 0 1 2 3 4
10141 0 1 2 3
10142 0 1 2 3 4
10143 0 1 2 3 4
10144 0 1 2 3
10145 0 1 2 3 4 5
10146 0 1 2 3 4
10147 0 1 2 3 4
10148 0 1 2 3 4
10149 0 1 2 3 4 5
10150 0 1 2 3 4
10151 0 1 2 3 4
10152 0 1 2 3 4
10153 0 1 2 3 4
10154 0 1 2 3 4
10155 0 1 2 3
10156 0 1 2 3 4
10157 0 1 2 3 4
10158 0 1 2 3 4
10159 0 1 2 3 4
10160 0 1 2 3 4
10161 0 1 2 3 5
10162 0 2 3 4
10163 0 1 2 3 4
10164 0 1 2 3
10165 0 1 3 4 5
10166 0 1 2 3 5
10167 0 1 2 3
10168 0 1 2 3
10169 0 1 2 3 4
10170 0 1 2 3
10171 0 1 2 3 4
10172 0 1 2 3
10173 0 1 2 3 4
10174 0 1 2 3 4
10175 0 1 2 3 4
10176 0 1 2 3
10177 0 1 2 3
10178 0 1 2 3 4
10179 0 1 2 3 4
10180 0 1 2 3 4
10181 0 1 2 3 4
10182 0 1 2 3
10183 0 1 2 3
10184 0 1 2 3 4
10185 0 1 2 3 4
10186 0 1 2 3 4
10187 0 1 2 3 4
10188 0 1 2 3 4
10189 0 1 2 3
10190 0 1 2 3 4
10191 0 1 2 3 4
10192 0 1 2 3 4
10193 0 1 2 3 4
10194 0 1 2 3 4
10195 0 1 2 3 4
10196 0 1 2 3 4
10197 0 1 2 3 4
10198 0 1 2 3 4
10199 0 1 2 3 4
10200 0 1 2 3 4
10201 0 1 2 3 4
10202 0 1 2 3 4
10203 0 1 2 3 4
10204 0 1 2 3 4
10205 0 1 2 3 4
10206 0 1 2 3 4
10207 0 1 2 3
10208 0 1 2 3
10209 0 1 2 3
10210 0 1 2 3
10211 0 1 2 3 4
10212 0 1 2 3 4
10213 0 1 2 3
10214 1 2 3
10215 0 1 2 3 4
10216 0 1 2 3
10217 0 1 2 3
10218 0 1 2 3
10219 0 1 2 3 4
10220 0 1 2 3
10221 0 1 2 3 4
10222 0 1 2 3
10223 0 1 2 3
10224 0 1 2 3 4
10225 0 1 2 3 4
10226 0 1 2 3 4
10227 0 1 2 3
10228 2 3
10229 0 1 2 3 4
10230 0 1 2 3
10231 1 2 3
10232 2 3
10233 0 1 2 3 4
10234 0 1 2 3 4
10235 0 1 2 3
10236 2 3
10237 0 1 2 3 4
10238 0 1 2 3 4
10239 0 1 2 3
10240 2 3
10241 0 1 2 3 4 5
10242 0 1 2 3 4
10243 0 1 2 3 4
10244 0 1 2 3 4
10245 0 2 3 5
10246 0 1 2 3 4 5
10247 0 1 2 3 4
10248 0 1 2 3
10249 0 1 2 3 5
10250 0 2 3 4 5
10251 0 1 2 3 4
10252 0 1 2 3 4
10253 0 1 2 3 5
10254 0 3 5
10255 0 1 2 3 4
10256 0 1 2 3
10257 0 1 2 3 4 5
10258 0 1 2 3 4 5
10259 0 1 2 3 4 5
10260 0 1 2 3 4 5
10261 0 1 2 3 4 5
10262 0 1 2 3 4
10263 0 1 2 3 4
10264 0 1 2 3 4
10265 0 1 2 3 4
10266 0 1 2 3 4 5
10267 0 1 2 3 4
10268 0 1 2 3 4 5
10269 0 1 2 3 4
10270 0 1 2 3 4
10271 0 1 2 3 4
10272 0 1 2 3